Bx = -0.007176470588235294 mT
By = -0.011941176470588233 mT
Bz = -0.015976470588235297 mT
Bmod = 0.03298705882352941 mT
